16 39 48 52 54 57 72 82 90 101 106 115 119 140 148 149 163 166 180 182 184 188 202 219 226 228 231 266 280 286 289 293 313 314 331 333 360 367 387 390 395 404 426 435 438 449 468 472 511 514 541 553 568 576 580 582 597 615 624 626 630 640 646 654 656 664 685 690 706 713 719 721 731 735 758 771 799 811 816 842 845 856 868 872 881 898 908 911 920 941 961 965 971 977 981 985 1008 1022 1029 1048 1079 1090 1096 1113 1128 1136 1147 1150 1163 1165 1166 1176 1178 1183 1193 1204 1221 1242 1265 1275 1285 1286 1289 1295 1320 1348 1350 1362 1363 1386 1408 1411 1419 1426 1428 1439 1442 1453 1464 1475 1487 1490 1491 1495 1505 1515 1522 1524 1527 1537 1539 1552 1555 1558 1588 1590 1595 1598 1599 
2 5 6 24 42 43 56 66 91 92 105 120 122 123 132 139 142 147 151 162 171 172 177 178 190 196 201 214 240 242 315 321 322 324 325 334 335 343 356 362 373 386 396 443 447 450 461 475 491 495 509 513 518 520 523 534 552 581 588 598 618 631 647 649 652 660 663 674 675 677 682 695 699 725 726 732 733 739 741 747 748 754 772 781 785 786 788 791 819 823 844 851 858 863 866 871 878 880 888 891 900 903 907 916 929 950 967 969 976 987 996 1013 1052 1057 1059 1069 1108 1145 1151 1155 1168 1177 1200 1206 1218 1233 1237 1249 1250 1258 1280 1291 1296 1347 1417 1422 1424 1427 1430 1431 1434 1435 1452 1462 1465 1470 1492 1498 1501 1502 1509 1512 1540 1543 1547 1569 1596 
0 4 20 28 32 58 88 97 129 136 138 143 158 170 194 198 207 208 227 251 254 269 327 330 332 346 347 354 371 381 385 411 418 425 428 429 441 442 460 466 479 517 532 544 545 549 560 562 571 574 579 590 619 622 637 661 681 693 709 720 728 753 775 792 805 809 847 864 874 885 913 917 927 931 963 986 1000 1001 1003 1005 1009 1010 1011 1014 1026 1041 1046 1050 1053 1056 1065 1067 1077 1084 1086 1088 1094 1099 1118 1125 1130 1144 1152 1157 1160 1202 1213 1219 1222 1246 1253 1259 1266 1267 1282 1297 1305 1315 1340 1342 1354 1360 1367 1373 1407 1448 1459 1472 1504 1526 1535 1538 1541 1548 1556 1557 1585 1591 
27 44 50 61 73 94 96 108 117 145 181 186 199 205 216 234 255 263 308 312 317 336 338 340 358 363 376 377 378 406 413 415 416 439 451 453 455 462 471 499 510 531 533 543 551 554 559 564 569 596 608 617 635 653 668 670 671 679 687 696 742 765 768 800 810 814 815 829 853 855 899 909 925 930 938 940 945 947 952 955 958 992 1006 1015 1035 1044 1072 1093 1100 1101 1109 1112 1115 1121 1126 1143 1159 1164 1173 1184 1191 1203 1208 1211 1217 1247 1254 1279 1288 1328 1335 1364 1368 1370 1385 1387 1393 1403 1404 1406 1423 1432 1440 1445 1460 1467 1468 1469 1473 1499 1528 1532 1554 1562 1581 1583 1584 
18 19 26 31 34 38 41 47 68 70 84 99 107 113 126 150 157 161 203 221 249 256 271 279 284 295 304 319 326 329 339 342 349 392 405 423 446 474 481 487 493 496 497 512 519 524 538 557 577 584 591 593 601 621 625 638 657 662 666 680 701 727 738 757 769 780 796 802 817 827 839 889 934 948 993 1018 1037 1075 1078 1081 1082 1141 1174 1175 1182 1190 1192 1195 1196 1210 1212 1216 1225 1227 1230 1235 1240 1243 1251 1277 1302 1309 1311 1313 1314 1317 1325 1331 1333 1337 1349 1361 1390 1409 1412 1414 1455 1474 1483 1485 1494 1520 1563 1566 1571 1586 
22 40 51 53 75 77 85 100 121 128 134 137 146 159 165 175 176 192 217 225 235 237 259 261 270 277 278 287 316 389 409 459 477 480 483 503 521 583 594 612 623 636 669 684 688 700 702 703 717 724 743 745 763 812 822 846 852 862 867 875 876 879 887 912 937 944 954 970 995 998 1021 1033 1039 1066 1085 1092 1105 1114 1120 1131 1180 1185 1187 1194 1207 1223 1231 1244 1273 1308 1321 1322 1327 1334 1339 1371 1382 1415 1447 1449 1450 1484 1486 1500 1511 1530 1550 1559 1561 1576 1580 1597 
13 46 55 63 78 79 111 114 127 131 257 291 292 341 350 353 361 365 410 430 484 508 563 573 592 600 602 609 616 634 643 645 711 715 737 793 801 808 849 877 886 894 895 902 933 973 978 979 990 999 1020 1025 1097 1116 1123 1124 1139 1154 1158 1198 1238 1248 1252 1268 1276 1316 1319 1330 1352 1365 1376 1378 1379 1381 1391 1399 1437 1489 1508 1510 1523 1533 1577 1593 
36 89 93 183 187 195 209 213 218 233 245 247 258 302 328 337 402 431 494 529 536 595 605 614 676 678 698 708 710 744 750 795 797 840 848 873 882 896 926 935 951 988 1004 1017 1045 1054 1058 1106 1111 1138 1146 1186 1197 1199 1226 1241 1256 1257 1260 1290 1294 1299 1338 1351 1380 1405 1413 1421 1451 1458 1461 1503 1507 1513 1553 1568 1594 
1 60 76 81 153 167 197 212 232 239 267 268 273 276 285 303 310 364 366 369 382 414 445 454 456 482 502 537 539 585 586 589 607 633 659 683 779 783 784 833 837 870 901 924 942 966 972 980 1030 1036 1051 1070 1089 1127 1135 1156 1189 1245 1264 1284 1287 1306 1310 1383 1400 1416 1514 1517 1529 1534 1573 1592 
8 10 12 62 67 160 179 224 229 238 250 296 299 307 320 424 452 465 485 504 550 558 575 628 650 658 667 673 723 746 755 782 813 860 897 915 919 960 1002 1023 1024 1027 1028 1032 1034 1064 1076 1119 1129 1132 1133 1205 1270 1278 1301 1312 1353 1359 1374 1429 1443 1481 1497 1506 1516 1549 1578 1582 
17 29 109 144 154 156 169 173 200 206 215 298 370 374 379 470 488 522 547 555 565 566 572 603 704 707 716 730 736 740 760 762 804 807 832 836 884 893 905 914 918 922 964 974 1007 1060 1071 1087 1095 1137 1271 1274 1341 1356 1369 1375 1377 1389 1394 1401 1438 1446 1478 1482 1575 
7 15 21 33 59 65 95 110 112 220 236 243 253 297 318 357 394 407 417 440 457 489 505 516 527 528 606 665 691 697 734 770 828 857 883 939 946 975 997 1019 1062 1134 1263 1292 1298 1343 1344 1358 1395 1410 1420 1496 1542 1565 1574 
98 118 174 193 223 230 244 265 300 344 351 359 375 383 391 403 437 467 478 526 535 556 567 639 642 644 722 777 790 861 869 923 957 983 1016 1042 1049 1083 1117 1142 1170 1171 1201 1262 1269 1272 1323 1384 1396 1397 1425 1433 1525 1544 
3 9 30 124 125 130 141 252 281 282 305 306 309 311 323 345 348 384 421 434 458 476 498 515 546 587 611 751 764 774 778 835 841 890 921 959 982 1031 1047 1068 1073 1103 1172 1188 1224 1229 1236 1261 1283 1336 1471 1480 1570 
35 69 74 87 102 135 164 211 283 352 380 388 420 464 507 578 613 627 694 773 850 859 962 984 989 991 1012 1055 1110 1122 1149 1215 1220 1303 1357 1372 1398 1444 1457 1518 1519 1531 
25 71 86 168 204 222 248 290 294 501 525 599 712 766 789 820 821 865 906 928 956 968 1040 1043 1061 1098 1355 1366 1388 1402 1436 1456 1476 1488 1536 1560 
23 64 104 155 241 246 264 393 397 400 408 419 432 530 548 570 806 824 825 1063 1091 1107 1153 1162 1209 1232 1239 1281 1304 1307 1345 1392 1418 1545 1567 
80 116 152 189 210 262 274 368 422 463 490 604 610 648 655 672 705 714 718 818 838 1104 1214 1234 1293 1346 1466 1479 1521 1564 1587 1589 
45 49 288 355 399 444 561 620 632 798 854 910 932 936 953 1140 1167 1300 1326 1477 
133 191 401 436 500 506 540 542 641 689 767 794 830 831 904 1074 1080 1169 1441 
185 398 473 492 686 692 729 749 752 834 892 943 1179 1181 1228 1255 1454 1546 1579 
11 37 83 272 412 787 826 1148 1318 1329 1463 1493 
301 427 651 761 949 1332 
260 372 448 486 756 
275 469 776 843 1324 
759 1161 1551 1572 
14 433 994 1038 
103 
629 
803 
1102 
